 106   QSB    A        6 Duong Van          An       020490   2         8,00 10,00 10,00 28,0 50800003
 106   QSB    A        7 Ð?ng Quang         An       010390   3         9,75  8,75  9,00 27,5 50800004
 106   QSB    A       90 Lâm Tu?n           Anh      061290   2NT 06    4,50  8,50  8,50 21,5 50800036
 106   QSB    A      121 Nguy?n Hoàng Qu?c  Anh      141190   1         7,25 10,00  9,75 27,0 50800052
 106   QSB    A      152 Nguy?n Tu?n        Anh      160190   3         7,25  8,75  7,75 24,0 50800063
 106   QSB    A      159 Nguy?n Tu?n        Anh      151190   2         6,50  7,50  7,25 21,5 50800066
 106   QSB    A      214 Ph?m Ng?c          ánh      240990   1         3,75  8,25  7,75 20,0 50800091
 106   QSB    A      228 Tr?n Thiên         Ân       271290   3         7,75  8,25  9,50 25,5 50800098
 106   QSB    A      230 Võ Ph? Qu?c        Ân       071290   1         5,00  9,25  8,25 22,5 50800099
 106   QSB    A      255 Ðoàn Ng?c          B?o      011090   3         8,00  9,75  9,50 27,5 50800107
 106   QSB    A      257 H?u Qu?c           B?o      070590   3         7,00  8,25  8,75 24,0 50800108
 106   QSB    A      263 Hu?nh Qu?c         B?o      100890   2NT       6,75  7,50  8,50 23,0 50800110
 106   QSB    A      284 Nguy?n Qu?c        B?o      200790   2NT       6,75  7,50  7,75 22,0 50800114
 106   QSB    A    11027 Phan Vu            B?o      010690   1         7,75  9,25  8,50 25,5 50800117
 106   QSB    A      312 Ngô Tu?n           B?ng     150890   1         6,25  8,25  7,00 21,5 50800120
 106   QSB    A      363 Lê Thanh           Bình     060690   1         6,75  9,25  8,50 24,5 50800133
 106   QSB    A      365 Ngô Thái           Bình     250890   2         9,00  9,25  8,00 26,5 50800136
 106   QSB    A     7289 Tr?n Du Hòa        Bình     091290   3         9,25  9,25  8,50 27,0 50800147
 106   QSB    A      385 Tr?n Thanh         Bình     140290   2NT       6,75  8,50  8,75 24,0 50800149
 106   QSB    A      418 Nguy?n Van         C?nh     280990   1         6,50  9,25  9,50 25,5 50800162
 106   QSB    A      436 Cao Van            Châu     230590   1         6,00  7,50  8,50 22,0 50800170
 106   QSB    A      470 Thái Th? Ki?u      Châu     150790   1         8,00  9,25  8,00 25,5 50800181
 106   QSB    A    10018 Lê Ðình            Chi?n    290790   1         9,00  7,50  6,75 23,5 50800189
 106   QSB    A     7309 Ma Vu Thi?n        Chí      011290   3         9,00  9,50  7,25 26,0 50800194
 106   QSB    A      520 Hoàng Ðu?ng        Chín     090890   1         6,75  7,50  7,75 22,0 50800195
 106   QSB    A      531 Tr?n Kim           Chính    100990   2         6,25  7,75  6,50 20,5 50800198
 106   QSB    A      545 Nguy?n Van         Chung    141290   2NT       6,25  8,50  5,75 20,5 50800203
 106   QSB    A    11074 Nguy?n T?n         Công     040690   2NT       8,25 10,00  9,50 28,0 50800217
 106   QSB    A      610 Nguy?n Ðình        Cuong    260190   2NT       6,25  6,50  8,50 21,5 50800224
 106   QSB    A    11905 Lê Hoàng           Cu?ng    231090   2         8,75  9,50 10,00 28,5 50800237
 106   QSB    A      644 Lê Tr?o Vi?t       Cu?ng    250789   1         8,25  7,50  6,75 22,5 50800240
 106   QSB    A      658 Nguy?n M?nh        Cu?ng    130390   3         7,00  8,50  5,75 21,5 50800243
 106   QSB    A    11085 Nguy?n Vi?t        Cu?ng    300890   2         7,00  8,25  9,50 25,0 50800248
 106   QSB    A      673 Ph?m Cao           Cu?ng    260390   2NT       6,50  8,75  9,50 25,0 50800251
 106   QSB    A      676 Ph?m Qu?c          Cu?ng    110490   3         8,50  8,00  8,75 25,5 50800252
 106   QSB    A      678 Phùng M?nh         Cu?ng    110590   1         9,00  9,50  6,50 25,0 50800253
 106   QSB    A    10028 Nguy?n Luu         Danh     151190   3         9,50  9,25  9,25 28,0 50800265
 106   QSB    A    11088 Nguy?n Thành       Danh     010190   1         6,25  8,75  8,25 23,5 50800266
 106   QSB    A      746 Nguy?n Hoàng       Di?m     180890   3         8,75  8,25  8,50 25,5 50800276
 106   QSB    A      791 Bùi Van            Duy      150190   1   01    6,75  6,00  6,00 19,0 50800291
 106   QSB    A      794 Chung Giang B?o    Duy      031190   3         8,75  5,50  8,50 23,0 50800293
 106   QSB    A      806 Ðoàn Khánh         Duy      250690   2NT       7,00  8,75  8,75 24,5 50800298
 106   QSB    A    11105 Nguy?n Nam         Duy      020190   2         9,25  9,75  9,75 29,0 50800316
 106   QSB    A    10042 Ph?m Tr?n          Duy      300190   2         6,75  8,25  6,75 22,0 50800322
 106   QSB    A    11112 Truong Vinh        Duy      260190   1         6,25  9,75  9,25 25,5 50800329
 106   QSB    A    11113 Võ Công            Duy      130790   2NT       8,25  8,75  8,50 25,5 50800330
 106   QSB    A     7342 Chung Vu Anh       Dung     150490   3         7,25  8,25  7,50 23,0 50800337
 106   QSB    A      925 Hoàng Ng?c         Dung     220890   1         7,50  6,50  7,25 21,5 50800341
 106   QSB    A      932 H? Tu?n            Dung     080290   2         7,00  8,50  8,75 24,5 50800343
 106   QSB    A     1070 Lê Anh             Ð?o      161090   3         7,50  9,50  9,00 26,0 50800387
 106   QSB    A     7364 Ð? Duy             Ð?t      010890   1         8,75  8,50  8,50 26,0 50800395
 106   QSB    A     1116 Lê Thành           Ð?t      170590   1   06    5,25  7,50  8,00 21,0 50800397
 106   QSB    A     1125 Nguy?n Ðình        Ð?t      060690   2         8,75  9,50  8,75 27,0 50800404
 106   QSB    A     1147 Ph?m Ð? Duy        Ð?t      010190   2   06    9,25  9,50  9,00 28,0 50800415
 106   QSB    A     7368 Quách Qu?c         Ð?t      271290   2         7,75  7,50  6,00 21,5 50800417
 106   QSB    A     1158 Tr?n Lê            Ð?t      040989   2         7,50  8,25  8,25 24,0 50800419
 106   QSB    A     1175 Ð? Minh            Ðang     041190   2NT       9,00  9,50  9,50 28,0 50800424
 106   QSB    A     1183 Nguy?n Hoàng       Ðang     171290   1         8,00  8,50  8,50 25,0 50800428
 106   QSB    A     7376 Phan Khoa          Ðang     150190   2NT       6,25  9,00  8,50 24,0 50800431
 106   QSB    A    10052 Nguy?n Xuân        Ð?       180990   2         6,75  7,00  7,75 21,5 50800436
 106   QSB    A     1246 Tr?n Van           Ð?nh     200890   2         6,25  7,75  6,75 21,0 50800451
 106   QSB    A     1266 Lê Minh            Ðông     081190   3         7,50  8,50  8,75 25,0 50800457
 106   QSB    A     1274 Tr?n Phuong        Ðông     070290   2         7,00  9,50  9,25 26,0 50800460
 106   QSB    A     1298 Duong Minh         Ð?c      081188   2         7,50  8,25  6,25 22,0 50800476
 106   QSB    A     1314 Lê Minh            Ð?c      150690   2         7,75  9,50  9,75 27,0 50800483
 106   QSB    A     1317 Lê Tài             Ð?c      041290   2NT       6,25  8,00  7,50 22,0 50800486
 106   QSB    A     7394 Nguy?n H?ng        Ð?c      240990   3         6,50  7,50  8,25 22,5 50800494
 106   QSB    A     1341 Nguy?n Tang Trí    Ð?c      090590   3         8,25  8,50  8,50 25,5 50800501
 106   QSB    A     1347 Nguy?n Van         Ð?c      120387   1         7,00  8,00  8,50 23,5 50800506
 106   QSB    A    11164 Truong T?n         Ð?c      010590   2         9,00  9,50  9,25 28,0 50800514
 106   QSB    A     1366 T? Bá              Ð?c      150790   2NT 06    8,75  8,00  5,75 22,5 50800515
 106   QSB    A     7402 Vu H?ng            Ð?c      020190   3         7,75  9,50  8,50 26,0 50800516
 106   QSB    A     1402 Nguy?n Ph?m Hoàng  Giang    040990   3         6,00  9,00  6,50 21,5 50800530
 106   QSB    A     1455 Nguy?n Van         Hà       261090   1         9,75  8,00  9,75 27,5 50800550
 106   QSB    A     1485 Truong Van         Hào      201089   2NT       7,25  8,75  7,75 24,0 50800560
 106   QSB    A     1495 Hoàng Nam          H?i      261090   3         6,25  8,75  9,25 24,5 50800564
 106   QSB    A     1497 Hu?nh Nh?t         H?i      010190   2         7,75  7,50  7,75 23,0 50800565
 106   QSB    A     1510 Lù Ki?u            H?i      091090   2         7,50  8,25  7,50 23,5 50800569
 106   QSB    A     1523 Nguy?n Chí         H?i      020690   1         7,25  5,50  6,50 19,5 50800572
 106   QSB    A     1526 Nguy?n Duy         H?i      150789   2NT       7,75  5,75  9,25 23,0 50800574
 106   QSB    A     1551 Nguy?n Van         H?i      091190   1         6,75  8,25  9,00 24,0 50800585
 106   QSB    A     7424 Nguy?n Vu          H?i      251090   2NT       7,25  7,50  7,75 22,5 50800588
 106   QSB    A     1615 Nguy?n Th? M?      H?nh     040890   1         6,25  9,25  9,00 24,5 50800607
 106   QSB    A     1653 Ð? Phu?c           H?u      190584   1         5,25  6,75  7,25 19,5 50800617
 106   QSB    A     1659 Ma Van             H?u      221290   1         9,00  9,50  9,75 28,5 50800620
 106   QSB    A     1668 Phan Van           H?u      120790   2         9,75  9,75  9,50 29,0 50800625
 106   QSB    A     1684 Hoàng H?ng         Hi?u     010690   2         8,50  9,00  8,50 26,0 50800631
 106   QSB    A    11919 Hu?nh Chí          Hi?u     280990   2         8,50  9,75 10,00 28,5 50800635
 106   QSB    A     1712 Nguy?n Chí         Hi?u     180890   2         7,50  7,00  8,50 23,0 50800643
 106   QSB    A     1718 Nguy?n Minh        Hi?u     220790   1         8,75  9,00  8,25 26,0 50800646
 106   QSB    A     1733 Nguy?n Trung       Hi?u     081290   1         5,75  6,50  7,25 19,5 50800651
 106   QSB    A     1803 Thi Chánh          Hi?n     271190   3         7,50  8,75  6,25 22,5 50800664
 106   QSB    A     1821 Nguy?n Ðình        Hi?n     190585   2         7,00  6,75  7,25 21,0 50800670
 106   QSB    A     1878 Nguy?n Th?         Hoa      081190   3         9,00  9,50  9,50 28,0 50800686
 106   QSB    A     1945 Nguy?n GiangPhuong Hoàng    101088   1         7,00  7,25  6,25 20,5 50800709
 106   QSB    A     1953 Nguy?n H?u Minh    Hoàng    290489   2         7,50  9,50  7,50 24,5 50800710
 106   QSB    A    11222 Nguy?n Xuân        Hoàng    170590   1         9,00  8,50  7,25 25,0 50800717
 106   QSB    A     1981 Ph?m Van           Hoàng    020890   2NT       5,25  8,75  6,75 21,0 50800720
 106   QSB    A     1989 Tr?n H?u           Hoàng    200490   1         7,00  9,50  7,50 24,0 50800724
 106   QSB    A     1991 Tr?n M?nh          Hoàng    130890   2NT 06    7,50  8,00  8,75 24,5 50800726
 106   QSB    A     1993 Tr?n Minh          Hoàng    100690   2         7,75  9,50  8,50 26,0 50800727
 106   QSB    A     1997 Tr?n Ng?c          Hoàng    080590   2         9,00  8,50  9,25 27,0 50800729
 106   QSB    A     2030 Nguy?n Minh        Hòa      121190   2         8,25  6,75  6,00 21,0 50800740
 106   QSB    A    11230 Nguy?n Th? Phúc    Hòa      201090   2NT       8,75  9,25  9,00 27,0 50800743
 106   QSB    A    11240 Duong T?           Huy      091090   2         9,00  9,50  9,50 28,0 50800768
 106   QSB    A    11249 Ngô Minh           Huy      100190   2NT       5,75  7,50  7,50 21,0 50800785
 106   QSB    A     2162 Nguy?n Thanh       Huy      100590   2         6,25  7,50  8,50 22,5 50800797
 106   QSB    A     2183 Ph?m Thanh         Huy      080290   3         9,00  9,50  8,50 27,0 50800806
 106   QSB    A     2212 Van Th?            Huy      191190   3         8,75  8,75  8,75 26,5 50800820
 106   QSB    A     2237 Nguy?n Van         Huynh    260290   2NT       6,00  6,75  8,50 21,5 50800828
 106   QSB    A     2258 Lê                 Hùng     161090   3         8,00  9,50  8,75 26,5 50800837
 106   QSB    A     2281 Nguy?n Minh        Hùng     060490   2   06    6,50 10,00  9,00 25,5 50800843
 106   QSB    A     2287 Nguy?n Thanh       Hùng     120390   1         4,75  8,25  8,50 21,5 50800846
 106   QSB    A     2314 Tr?n Danh          Hùng     150390   2NT       7,00  9,25  9,25 25,5 50800853
 106   QSB    A     2330 Duong Hu?nh Phu?c  Hung     230690   3         5,50  7,25  8,50 21,5 50800861
 106   QSB    A     2339 Hoàng Khánh        Hung     191290   2         9,00  8,50  9,00 26,5 50800866
 106   QSB    A     2348 Lê B?o             Hung     190590   1         5,75  9,00  7,50 22,5 50800869
 106   QSB    A     2351 Lê Long            Hung     071290   3         7,25  8,25  7,00 22,5 50800870
 106   QSB    A     2377 Nguy?n Van         Hung     191290   3         8,75  9,75  8,75 27,5 50800880
 106   QSB    A    11292 Man Hu?nh          Kha      011290   2         8,50  9,00  8,50 26,0 50800907
 106   QSB    A     7551 Nguy?n Nam         Khang    100190   1         5,50  8,50  8,50 22,5 50800912
 106   QSB    A     2493 Ph?m Ng?c          Khanh    060490   2         7,00  7,50  7,50 22,0 50800920
 106   QSB    A     2499 Vu Th?             Khanh    221090   2         7,50  8,25  8,00 24,0 50800922
 106   QSB    A     2508 Duong Duy          Khánh    040390   1         8,50  9,50  9,00 27,0 50800926
 106   QSB    A    11294 Hu?nh Ð?ng Phúc    Khánh    201090   2         7,75  6,00  7,50 21,5 50800928
 106   QSB    A     2528 Lý Ðoàn Duy        Khánh    090890   1         7,50  9,00  9,00 25,5 50800935
 106   QSB    A     2531 Nguy?n Duy         Khánh    031090   3         6,50  8,50  8,50 23,5 50800937
 106   QSB    A    11299 Duong M?c          Kh?i     061086   2         8,75  6,25  6,00 21,0 50800946
 106   QSB    A    10111 Hu?nh Thi?n        Khiêm    091190   1         7,00  9,00  7,75 24,0 50800955
 106   QSB    A    11301 Hu?nh Tr?ng        Khiêm    260890   2         7,75  7,75  5,75 21,5 50800956
 106   QSB    A     2648 Truong Ðình        Khoa     060590   3         8,25  8,75  8,75 26,0 50800992
 106   QSB    A     2657 Ð?ng Ng?c          Khôi     041090   3         9,50  9,50 10,00 29,0 50800997
 106   QSB    A     7590 Nguy?n Quang       Khôi     081090   3         8,25  8,75  8,25 25,5 50801000
 106   QSB    A     2677 Hoàng Ð?i          Kh?i     171190   3         9,00  9,50  9,50 28,0 50801005
 106   QSB    A     2714 Nguy?n Thái        Kiên     250590   2         9,00  8,75  8,50 26,5 50801016
 106   QSB    A     2721 Tr?n               Kiên     160990   1         7,50  9,50  9,00 26,0 50801017
 106   QSB    A    11320 Võ Trí             Kiên     020590   2NT       5,75  8,50  7,50 22,0 50801018
 106   QSB    A     2739 Lê Minh Tu?n       Ki?t     010190   3         7,50  7,75  5,75 21,0 50801024
 106   QSB    A     2748 Tr?n Vi            Ki?t     270990   3         8,00  9,75  9,75 27,5 50801026
 106   QSB    A     2759 H? Van             Kính     160590   1         5,00  9,75  9,50 24,5 50801031
 106   QSB    A     2766 Ð?ng Cao           K?       090290   3         9,00  8,75  6,00 24,0 50801033
 106   QSB    A     2784 Tô Xuân            Lam      021189   2   06    7,00  9,50  7,50 24,0 50801038
 106   QSB    A     2785 Tr?n Th?ch         Lam      240190   2         8,75  9,50  9,75 28,0 50801039
 106   QSB    A     2833 Nguy?n Thanh       Lâm      020990   2         9,75  9,50  9,50 29,0 50801059
 106   QSB    A     2835 Nguy?n Van         Lâm      191089   2         7,00  8,50  8,50 24,0 50801060
 106   QSB    A     2856 Lý Ng?c            Lân      231090   2         7,50  7,00  7,50 22,0 50801067
 106   QSB    A     2934 Nguy?n Duy         Linh     140290   1         7,25  5,75  7,50 20,5 50801098
 106   QSB    A    11344 Hà Xuân            Linh     020190   2NT       8,25  8,75 10,00 27,0 50801117
 106   QSB    A     2986 Tr?n Hoàng         Linh     030389   1         5,75  6,50  8,25 20,5 50801120
 106   QSB    A     2995 Nguy?n Th? Thúy    Loan     150390   3         4,50  9,00  8,50 22,0 50801122
 106   QSB    A     3033 Nguy?n Hoàng       Long     230890   2         6,75  9,00  7,25 23,0 50801132
 106   QSB    A     3043 Nguy?n Phi         Long     080390   2         8,00  8,25  8,00 24,5 50801136
 106   QSB    A     3047 Nguy?n Thanh       Long     111090   2         7,00  8,50  6,50 22,0 50801138
 106   QSB    A     3048 Nguy?n Thái        Long     070890   2         8,00  8,50  7,25 24,0 50801139
 106   QSB    A     3084 Truong Thanh       Long     010390   2NT       6,00  7,25  7,50 21,0 50801154
 106   QSB    A     3106 Mai Bá             L?c      121090   3         7,50  8,50 10,00 26,0 50801162
 106   QSB    A    11355 Lê T?n             L?i      260190   2NT       3,75  9,50  8,25 21,5 50801174
 106   QSB    A     3148 Nguy?n Van         L?i      140490   2         9,75  9,25  9,75 29,0 50801178
 106   QSB    A     3149 Nguy?n Xuân        L?i      160190   2NT       7,25  8,50  9,50 25,5 50801179
 106   QSB    A     3160 Duong H?u Kinh     Luân     270490   3         6,00  7,75  7,50 21,5 50801184
 106   QSB    A     3166 Lê Minh            Luân     110190   2         8,50  9,25  8,50 26,5 50801186
 106   QSB    A     3192 Ph?m Minh          Luân     030290   2         8,75  9,50  9,00 27,5 50801192
 106   QSB    A     3230 Ð? Ng?c            Luu      090190   2NT       5,75  8,00  7,75 21,5 50801209
 106   QSB    A     3258 Bùi Nguyên         Lý       100690   1         8,75  8,75  9,00 26,5 50801212
 106   QSB    A    11377 Ðoàn Duy           M?n      071190   2         8,00  7,50  7,50 23,0 50801232
 106   QSB    A     3327 Bùi Nam            Minh     121190   1         7,75  9,00  8,00 25,0 50801240
 106   QSB    A     3342 Hà Ng?c            Minh     110290   1         6,50  9,25  8,50 24,5 50801246
 106   QSB    A     3354 Lê Anh             Minh     080190   3         4,25  8,50  9,00 22,0 50801251
 106   QSB    A     3362 Lê H?u             Minh     201190   1         6,00  8,75  6,75 21,5 50801253
 106   QSB    A     3381 Ngô Hoàng          Minh     281190   2         6,00  8,75 10,00 25,0 50801259
 106   QSB    A     3396 Nguy?n H?u Nh?t    Minh     290990   3         8,00  8,25  8,25 24,5 50801265
 106   QSB    A     3401 Nguy?n Nh?t        Minh     260790   1         5,75  7,00  7,50 20,5 50801267
 106   QSB    A     3417 Ph?m Duy           Minh     130190   2NT       6,75  8,75  8,00 23,5 50801271
 106   QSB    A     3477 Gi?ng Hán          Nam      060690   2         9,00  9,75  8,50 27,5 50801303
 106   QSB    A     7682 Lê Hoàng           Nam      080690   3         5,75  8,50  6,50 21,0 50801306
 106   QSB    A     3497 Nguy?n Hoài        Nam      090390   2NT       8,00  9,25  8,25 25,5 50801308
 106   QSB    A     3499 Nguy?n Hoài        Nam      051290   2NT       7,50  8,75  9,50 26,0 50801310
 106   QSB    A    11399 Nguy?n H?u         Nam      110890   2NT       5,50  8,25  8,00 22,0 50801313
 106   QSB    A    10164 Ðinh Kim           Ngân     130990   1         5,50  9,00  9,25 24,0 50801336
 106   QSB    A    11410 Nguy?n Thành       Nghi     211290   2NT       7,75  8,00  6,75 22,5 50801351
 106   QSB    A     3642 H? Thanh           Nghia    181290   3         8,75  9,50  9,00 27,5 50801358
 106   QSB    A     3643 Hu?nh H?u          Nghia    241290   2         9,00  8,25  8,50 26,0 50801359
 106   QSB    A     3662 Nguy?n Ð?c Ðình    Nghia    170390   2         7,00  6,75  7,50 21,5 50801363
 106   QSB    A     3677 Ph?m Hoàng Tr?ng   Nghia    250890   2NT       7,00  8,25  6,50 22,0 50801371
 106   QSB    A     3731 Thái Ð?ng Nhu      Ng?c     311290   2         9,00  9,50  9,25 28,0 50801389
 106   QSB    A     3734 Tr?n Duy           Ng?c     260890   3         9,00  9,50  9,75 28,5 50801391
 106   QSB    A     7701 Bùi Lý Ti?n        Nguyên   150590   1         5,00  8,25  6,50 20,0 50801394
 106   QSB    A     3751 Hoàng              Nguyên   051090   2NT       6,50  9,75  9,25 25,5 50801398
 106   QSB    A    10172 Lâm Tông           Nguyên   171190   2         7,75  9,75  8,00 25,5 50801402
 106   QSB    A     7715 Tr?n Tr?ng         Nguyên   020690   1         8,50  8,75  9,25 26,5 50801418
 106   QSB    A     3854 Ð? Thành           Nhân     090290   1         6,25  8,50  7,25 22,0 50801437
 106   QSB    A     3900 Ph?m H?u           Nhân     040790   2         8,25  9,50  9,75 27,5 50801452
 106   QSB    A     3947 Nguy?n Qu?c        Nh?t     200290   2NT       8,25 10,00  9,25 27,5 50801470
 106   QSB    A     3969 Vu Hoàng           Nh?t     240990   3         9,00  7,50  8,25 25,0 50801476
 106   QSB    A    11436 Tr?n Th? Thùy      Nhiên    240890   2         7,00  5,75  7,75 20,5 50801480
 106   QSB    A    10176 Danh               Nhu      090989   1   01    4,50  6,25  7,50 18,5 50801484
 106   QSB    A     4018 Hu?nh Van          Nh?t     100990   3         7,75  8,50  5,75 22,0 50801492
 106   QSB    A     4036 Ph?m Ð?c           Niên     200389   1   06    5,25  7,75  6,50 19,5 50801500
 106   QSB    A    11450 Kh?ng Ðang         Ninh     240390   1         8,50  8,25  6,50 23,5 50801502
 106   QSB    A    11952 Nguy?n T?n         Phát     110290   2         7,25  9,50  8,50 25,5 50801520
 106   QSB    A    10182 Ðinh Châu          Phi      221090   1         5,75  8,50  9,00 23,5 50801528
 106   QSB    A     4115 Nguy?n Th? Y?n     Phi      191090   1         7,50  7,75  9,25 24,5 50801531
 106   QSB    A     4121 Ph?m Anh Qu?c      Phiên    060790   3         6,00  9,00  8,50 23,5 50801536
 106   QSB    A    10357 Ph?m Th? H?ng      Phiên    300989   2NT       8,00  6,50  6,00 20,5 50801537
 106   QSB    A     4145 Lê Thanh           Phong    121090   2         8,75  8,50  7,50 25,0 50801545
 106   QSB    A     4165 Nguy?n Trung       Phong    061090   1         7,75  6,25  7,75 22,0 50801551
 106   QSB    A    11467 Tr?n B?o           Phong    130590   2NT 06    8,50  8,25  7,75 24,5 50801557
 106   QSB    A    11470 Tr?n Thanh         Phong    080990   1         4,25  8,50  6,50 19,5 50801560
 106   QSB    A     4241 Ð?ng Vinh          Phúc     231090   3         7,25  7,50  6,50 21,5 50801584
 106   QSB    A     4275 Nguy?n Mai H?ng    Phúc     280490   2         8,25  8,50  7,25 24,0 50801595
 106   QSB    A     4303 Võ H?ng            Phúc     040290   3         6,50  7,75  7,25 21,5 50801604
 106   QSB    A    10195 Hà Minh            Ph?ng    090589   1         5,75  8,50  6,50 21,0 50801605
 106   QSB    A     4372 Nguy?n Th? Vân     Phuong   241090   2         8,50  8,50  7,50 24,5 50801625
 106   QSB    A    10203 Luong Tr?n H?ng    Phu?c    010490   2NT       9,25  8,25  7,75 25,5 50801646
 106   QSB    A     4454 Duong Ng?c         Quang    140789   1         5,50  8,50  8,25 22,5 50801659
 106   QSB    A     4465 Hu?nh Thanh        Quang    201090   3   06   10,00  9,50  9,50 29,0 50801663
 106   QSB    A    11503 Nguy?n Bá Hu?nh    Quang    151090   2NT      10,00 10,00  8,75 29,0 50801668
 106   QSB    A     4517 Tô Minh            Quang    260689   2NT       6,75  7,75  7,50 22,0 50801679
 106   QSB    A     4525 Tr?n Minh          Quang    141090   3         7,75  8,25  8,50 24,5 50801681
 106   QSB    A     4527 Tr?n Ng?c          Quang    100190   1         5,00  8,00  9,50 22,5 50801682
 106   QSB    A    11509 Truong Ðình        Quang    020390   2NT       7,75  9,00  8,00 25,0 50801685
 106   QSB    A     4540 Ðoàn Anh           Quân     211190   3         6,00  8,00  7,00 21,0 50801690
 106   QSB    A     4560 Nguy?n H?ng        Quân     061290   3         7,50  9,75  9,50 27,0 50801702
 106   QSB    A     4575 Ph?m               Quân     311090   3         7,50 10,00 10,00 27,5 50801713
 106   QSB    A     4576 Ph?m Minh          Quân     140390   2         8,25  7,50  8,25 24,0 50801714
 106   QSB    A     4590 Vu H?i             Quân     190990   1         8,00  9,25  7,00 24,5 50801722
 106   QSB    A     4595 Tr?n Th? ái        Quê      030290   3         9,00  9,50  9,50 28,0 50801725
 106   QSB    A     4632 Nguy?n Van         Qu?c     150989   1   06    3,00  7,25  8,25 18,5 50801741
 106   QSB    A     7822 Nguy?n H?i         Qu?nh    221090   3         9,50  9,75  8,75 28,0 50801765
 106   QSB    A    11537 Bùi Thanh          Sang     161090   2NT       8,75  8,50  7,75 25,0 50801774
 106   QSB    A     4757 Ph?m Qu?c          Sang     090590   2NT       7,25  7,50  9,25 24,0 50801783
 106   QSB    A     4758 Tr?n H?            Sang     100190   3         9,75  9,25  9,25 28,5 50801784
 106   QSB    A     4769 An Anh             Sáng     140890   2         8,00  9,00  8,50 25,5 50801786
 106   QSB    A     4786 Thái Tùng          Sinh     290690   2NT       6,75  8,25  8,75 24,0 50801790
 106   QSB    A    11552 Tr?n Th?           Si       060390   2NT       9,00 10,00  9,50 28,5 50801793
 106   QSB    A     4802 Duong Thanh        Son      070890   3         6,50  8,50  6,50 21,5 50801795
 106   QSB    A     7830 Ð?ng Thái          Son      160290   2NT       8,00  9,50  9,00 26,5 50801798
 106   QSB    A    11556 Ðinh Hoàng         Son      161090   2         6,50  9,00  9,00 24,5 50801800
 106   QSB    A     4817 Lê Chí             Son      200290   1         4,00  8,75  6,50 19,5 50801806
 106   QSB    A     4819 Lê H?i             Son      041290   2NT       7,25  9,25  8,50 25,0 50801807
 106   QSB    A     4823 Lê Tu?n            Son      071190   1         6,50  9,25  9,50 25,5 50801809
 106   QSB    A    11565 Phan Van Hoàng     Son      190890   2         7,00  9,50  8,75 25,5 50801822
 106   QSB    A     4860 Ph?m H?ng          Son      150490   2NT       8,25  8,00  6,50 23,0 50801823
 106   QSB    A     4867 Tr?n Hà            Son      110390   2         8,50  9,25  8,50 26,5 50801827
 106   QSB    A     4879 Tr?nh Thanh        Son      070889   1         6,25  6,00  7,50 20,0 50801833
 106   QSB    A     4912 Nguy?n Van         Tám      060390   2NT       6,50  8,50  7,50 22,5 50801843
 106   QSB    A     4923 H? Tr?ng           Tài      201090   1         7,25  9,50  6,50 23,5 50801847
 106   QSB    A     4967 Võ Thành           Tài      271090   1         7,25  7,00  5,50 20,0 50801862
 106   QSB    A     7846 Bùi Th? Minh       Tâm      260990   3         7,75  9,25  9,25 26,5 50801863
 106   QSB    A    10229 Ð?ng Minh          Tâm      160989   2NT       6,00  7,25  6,50 20,0 50801866
 106   QSB    A     4996 Nguy?n Minh        Tâm      010890   2NT       7,75  8,25  7,00 23,0 50801873
 106   QSB    A     5002 Nguy?n Thanh       Tâm      271290   1         5,75  7,00  7,50 20,5 50801878
 106   QSB    A     5005 Nguy?n Th? Ng?c    Tâm      160890   2NT       8,00  7,00  7,75 23,0 50801879
 106   QSB    A     8141 Tr?n Thanh         Tâm      210590   3   06    9,00 10,00  9,25 28,5 50801888
 106   QSB    A     5035 Tr?n Vi?t          Tâm      200690   3         6,50  8,00  8,25 23,0 50801889
 106   QSB    A     5038 Võ Nh?t            Tâm      200590   2         7,75  9,50  9,75 27,0 50801892
 106   QSB    A     5044 Bùi Ð?c Thái       Tân      260890   2         5,00  9,75  8,50 23,5 50801894
 106   QSB    A     5084 Ph?m Duy           Tân      250390   2NT       4,75  8,25  7,25 20,5 50801912
 106   QSB    A     5100 Võ Thành           Tân      150690   2NT       8,75  9,50  9,75 28,0 50801917
 106   QSB    A     5107 Mai Thành          T?n      200890   2NT       9,25  9,00  8,50 27,0 50801920
 106   QSB    A     5161 Ph?m Bùi H?i       Thanh    160286   2NT 06    6,25  7,00  6,75 20,0 50801938
 106   QSB    A     5201 Lâm Hoàng          Thái     130990   2NT       7,50  8,25  9,50 25,5 50801951
 106   QSB    A     5202 Lê                 Thái     070390   1         6,50  8,50  8,50 23,5 50801952
 106   QSB    A     7876 Tr?n Van           Thái     100890   2NT       5,75  6,75  7,75 20,5 50801965
 106   QSB    A     7878 Võ Nguyên          Thái     290390   2         8,25  8,50  8,00 25,0 50801966
 106   QSB    A    11607 Hu?nh Nguy?n Vi?t  Thành    060390   2NT       5,25  7,25  7,50 20,0 50801974
 106   QSB    A     5281 Nguy?n S?          Thành    280490   1         6,50  7,75  8,50 23,0 50801987
 106   QSB    A     7894 Nguy?n Ti?n        Thành    080490   3         6,75  9,50  8,75 25,0 50801988
 106   QSB    A     5306 Tr?n Kim           Thành    280890   2         9,00  8,25  8,50 26,0 50801993
 106   QSB    A     5357 Phan Minh          Th?o     211187   3         8,00  8,00  7,75 24,0 50802010
 106   QSB    A     5362 Tr?n Phuong        Th?o     181090   2         8,00  9,75  8,50 26,5 50802013
 106   QSB    A     5377 Châu Ng?c          Th?ch    270490   3         9,00 10,00  9,00 28,0 50802020
 106   QSB    A     5457 Ph?m Bá            Th?ng    250389   2NT       6,25  7,50  6,50 20,5 50802052
 106   QSB    A     5460 Ph?m Ng?c          Th?ng    281290   2         8,00  9,00  8,75 26,0 50802054
 106   QSB    A     5463 Ph?m Van           Th?ng    011090   2NT       6,00  7,75  9,25 23,0 50802057
 106   QSB    A    11633 Tr?n Quang         Th?ng    150590   2         7,25  6,00  7,00 20,5 50802061
 106   QSB    A    11641 Lê H?ng            Thiên    120990   2NT       8,00  8,75  7,50 24,5 50802073
 106   QSB    A     5512 Chu Quang          Thi?n    070590   1         6,00  7,75  7,50 21,5 50802076
 106   QSB    A     5534 Nguy?n Ð?c         Thi?n    050290   1         7,50  8,50  8,50 24,5 50802086
 106   QSB    A     5550 Ph?m Minh          Thi?n    200890   1         9,50  9,50  9,25 28,5 50802090
 106   QSB    A     5563 Bùi Ð?c            Th?nh    120288   2         7,75  8,25  7,75 24,0 50802097
 106   QSB    A     5572 Luong Quang        Th?nh    221290   1         6,00  7,25  7,50 21,0 50802102
 106   QSB    A    11653 Nguy?n Ðang        Th?nh    100190   2NT       6,75  9,50  9,25 25,5 50802104
 106   QSB    A     5584 Nguy?n Minh Qu?c   Th?nh    080590   1         7,00  7,00  6,50 20,5 50802108
 106   QSB    A     5589 Nguy?n Qu?c        Th?nh    270390   2NT       5,75  9,25  7,50 22,5 50802109
 106   QSB    A     5599 Tr?n Ng?c          Th?nh    161190   1         8,75  8,75  9,75 27,5 50802114
 106   QSB    A     5627 Ð?ng Qu?c          Th?      140190   2NT       7,50  8,75  8,00 24,5 50802121
 106   QSB    A    10259 Lê Tru?ng          Th?      220890   1         6,75  9,25  9,50 25,5 50802123
 106   QSB    A     5664 Võ H?i             Thông    180190   2         7,00  9,50  9,75 26,5 50802137
 106   QSB    A     5666 Vu Ng?c            Thông    200890   3         6,50  9,50  8,25 24,5 50802138
 106   QSB    A     5677 Nguy?n Duong Ng?c  Th?i     100590   2         8,50  9,00  9,50 27,0 50802141
 106   QSB    A     5693 Ðinh Công          Thu?n    020190   1         9,75  8,75  8,50 27,0 50802150
 106   QSB    A     5707 Nguy?n An          Thu?n    260390   3         7,25  8,50  8,75 24,5 50802158
 106   QSB    A    11675 Tr?n Van Bình      Thúc     270490   2NT       5,75  9,75  8,50 24,0 50802175
 106   QSB    A     5783 Lê Anh             Thu      231090   3         6,25  8,25  8,75 23,5 50802183
 106   QSB    A     5794 Phan H?ng          Thu      271090   2NT       6,50  8,50  8,50 23,5 50802188
 106   QSB    A    11681 Bùi Th?            Thuong   140790   2NT       7,75  9,50  8,25 25,5 50802191
 106   QSB    A     5820 Ðoàn Ng?c          Thu?ng   040490   2NT       8,75  7,25  7,00 23,0 50802200
 106   QSB    A     5837 Bùi Thanh          Tiên     010190   3         7,00  9,50  8,25 25,0 50802206
 106   QSB    A     5844 Bùi Hoàng          Ti?n     121190   3         5,75  9,25  9,75 25,0 50802212
 106   QSB    A    11690 Mai Ð?c            Ti?n     220390   2NT       6,75  8,50  8,50 24,0 50802214
 106   QSB    A    11692 Nguy?n Anh         Ti?n     130690   2NT       6,50  7,50  7,50 21,5 50802216
 106   QSB    A     5884 Phan Minh          Ti?n     020590   2         8,00  9,00  7,75 25,0 50802223
 106   QSB    A    11696 Phan Ph?ng         Ti?n     091090   2NT       5,75  8,75  7,50 22,0 50802224
 106   QSB    A    10271 Nguy?n Tr?ng       Tín      180290   3         8,75  9,00  7,75 25,5 50802243
 106   QSB    A     5953 Vu Nh?t            Tín      020690   2         9,50  8,75  8,75 27,0 50802250
 106   QSB    A    11724 Truong Vi?t        Toán     150190   2         9,00  9,50  8,50 27,0 50802258
 106   QSB    A     6032 Tr?n Oanh          To?i     220390   2NT       7,00  7,50  7,75 22,5 50802278
 106   QSB    A    11733 Ph?m Th?           Tông     120990   2NT       7,50  7,50  7,75 23,0 50802284
 106   QSB    A     6058 Lê Th? Thùy        Trang    230190   3         8,75  9,25  6,50 24,5 50802291
 106   QSB    A     6093 Vu Th? Thu?        Trang    040890   2         7,50  9,00  9,00 25,5 50802298
 106   QSB    A     6123 Lâm Ng?c           Tr?n     310190   3         7,75  9,50  9,00 26,5 50802306
 106   QSB    A     6171 Hu?nh Minh         Trí      260290   2NT       7,50  7,00  6,00 20,5 50802327
 106   QSB    A     6181 Nguy?n             Trí      270890   1         6,25  8,00  8,75 23,0 50802334
 106   QSB    A     6197 Nguy?n Thành       Trí      040490   2         9,75  8,75  9,25 28,0 50802341
 106   QSB    A     6205 Thái Minh          Trí      301190   3         9,00  8,50  8,75 26,5 50802344
 106   QSB    A     6206 Tôn Minh           Trí      081090   3         5,75  8,00  9,50 23,5 50802345
 106   QSB    A     6211 Truong Vu Minh     Trí      080590   3         7,75  8,00  7,00 23,0 50802348
 106   QSB    A    11758 Ph?m Nguyên        Trình    090290   2         5,50  8,25  7,50 21,5 50802353
 106   QSB    A     6280 Lâm Chánh          Trung    060490   2NT       7,00  9,50  9,25 26,0 50802376
 106   QSB    A     6336 Ph?m Qu?c          Trung    110290   3         8,50  6,50  6,00 21,0 50802397
 106   QSB    A    11780 Nguy?n Lâm         Trúc     021190   1        10,00 10,00 10,00 30,0 50802409
 106   QSB    A    11989 Nguy?n Ti?n        Truong   190490   2NT       9,00  9,50  9,00 27,5 50802413
 106   QSB    A    11783 Lê Xuân            Tru?ng   210890   2         9,50  9,25  8,75 27,5 50802420
 106   QSB    A     6431 Ð?ng Van           Tru?ng   191190   2NT       7,75  9,25  9,25 26,5 50802426
 106   QSB    A     6439 Châu Vinh          Tuân     140590   2NT       8,75  9,25  8,00 26,0 50802429
 106   QSB    A     6442 Nguy?n H?u         Tuân     070690   1         8,75  8,50  8,25 25,5 50802430
 106   QSB    A     6472 Hoàng Qu?c         Tu?n     101090   2         8,75  9,50  8,50 27,0 50802437
 106   QSB    A     6493 Lê Thanh           Tu?n     281090   1         9,00  9,50  9,50 28,0 50802443
 106   QSB    A     6526 Nguy?n Hoàng       Tu?n     300490   2         6,00  8,50  8,25 23,0 50802452
 106   QSB    A    11800 Nguy?n Nh?t        Tu?n     050490   1         6,50  7,00  7,75 21,5 50802456
 106   QSB    A     6549 Nguy?n Thanh       Tu?n     050690   1         8,50  9,50  9,75 28,0 50802458
 106   QSB    A     6597 Tr?n Nguy?n Anh    Tu?n     300990   3         6,00  7,00  8,00 21,0 50802474
 106   QSB    A     6618 Vân Duy            Tu?n     220690   2         7,50  9,75 10,00 27,5 50802481
 106   QSB    A    11806 Hà Tôn             Tuyên    060990   2NT       7,50  7,75  9,00 24,5 50802486
 106   QSB    A    11807 Lê Ph?m            Tuyên    211190   2         8,50  9,25  8,50 26,5 50802487
 106   QSB    A     6659 H?a Ng?c Minh      Tuy?n    170390   2         8,75  9,50  8,50 27,0 50802493
 106   QSB    A     6729 Bùi Thanh          Tùng     160990   3         8,25  6,50  7,25 22,0 50802525
 106   QSB    A    11824 Nguy?n Thanh       Tùng     270990   2NT       8,50  7,25  8,50 24,5 50802546
 106   QSB    A     6783 Ph?m Thanh         Tùng     010190   2         8,00 10,00  8,50 26,5 50802548
 106   QSB    A     6797 Tr?n Thanh         Tùng     131190   2         7,75  7,75  7,75 23,5 50802554
 106   QSB    A     6800 Võ Minh            Tùng     070789   2NT       7,25  8,50  7,50 23,5 50802555
 106   QSB    A     6803 Vu Vi?t            Tùng     300890   3         8,00  8,50  6,00 22,5 50802556
 106   QSB    A     6830 Ð?                 T?       230190   2         6,00  7,75  7,25 21,0 50802566
 106   QSB    A     6931 Lê Qu?c            Vi?t     041190   3         7,00  9,50  8,75 25,5 50802605
 106   QSB    A    11863 Hu?nh Van          Vinh     210990   2NT 06    7,75  9,50  9,50 27,0 50802625
 106   QSB    A     8104 Lê Hùng            Vinh     010190   2         7,75  7,50  7,25 22,5 50802626
 106   QSB    A     6985 Nguy?n Hoàng Th?   Vinh     200590   2NT       5,25  7,50  7,25 20,0 50802629
 106   QSB    A    10316 Nguy?n Xuân        Vinh     230290   3         5,50  9,00  7,25 22,0 50802635
 106   QSB    A    12005 Tr?n Ti?n          Vi       051090   2NT       6,50  8,25  8,00 23,0 50802643
 106   QSB    A     7051 Ðào Tu?n           Vu       050890   1         6,00  7,75  5,75 19,5 50802651
 106   QSB    A     7088 Nguy?n Anh Tu?n    Vu       030990   2         8,75  7,75  8,50 25,0 50802665
 106   QSB    A    12009 Nguy?n Lê          Vu       040390   2NT       7,25  7,50  8,00 23,0 50802668
 106   QSB    A     7098 Nguy?n M?u Quang   Vu       211290   1         6,00  9,50  8,50 24,0 50802669
 106   QSB    A     7107 Nguy?n Tr Thanh    Vu       250190   2         7,50  9,00  8,00 24,5 50802674
 106   QSB    A    12011 Phan Nh?t          Vu       221290   1         8,75  9,50  8,00 26,5 50802678
 106   QSB    A     7130 Tr?n Ðoàn Khánh    Vu       170590   3         9,75  9,50 10,00 29,5 50802685
 106   QSB    A    11886 Tr?n Thanh         Vu       030990   3         5,75  7,75  7,50 21,0 50802686
 106   QSB    A     7139 Tr?nh Hoàng        Vu       160190   1         7,50  8,50  8,00 24,0 50802687
 106   QSB    A     7140 Truong Công        Vu       230490   1         6,50  7,25  7,50 21,5 50802688
 106   QSB    A     7160 Phan Ðình          Vuong    250590   1         5,50  7,50  6,75 20,0 50802697
 106   QSB    A     7180 Ngô Duy Khánh      Vy       150390   1         8,25  8,50  8,50 25,5 50802706
 106   QSB    A     7210 Tr?n Van           Xuân     180290   2         6,50  8,50  6,00 21,0 50802719
 106   QSB    A    11899 Lê Nhu             ý        150289   2NT       6,00  7,75  7,50 21,5 50802728
 108   QSB    A       19 Lê Vu Tru?ng       An       010690   2         5,50  7,50  6,25 19,5 40800005
 108   QSB    A       22 Nguy?n             An       201190   2         4,50  7,25  8,50 20,5 40800006
 108   QSB    A       23 Nguy?n Hoài        An       250290   3         6,50  9,00  5,50 21,0 40800007
 108   QSB    A       33 Nguy?n Van         An       100290   1         5,25  9,50  8,50 23,5 40800011
 108   QSB    A    11005 Ph?m Ð?c           An       070690   1         6,75  9,75  9,25 26,0 40800014
 108   QSB    A       48 Tr?nh Tri?u        An       070990   3         8,50  8,25  7,75 24,5 40800015
 108   QSB    A       51 Võ Thanh Nguyên    An       100190   2NT       6,25  8,50  6,50 21,5 40800017
 108   QSB    A    11008 Hu?nh Qu?c         Anh      240790   2NT       7,50  6,00  5,50 19,0 40800032
 108   QSB    A    11011 Lê Tu?n            Anh      250590   2         6,75  9,00  9,00 25,0 40800040
 108   QSB    A      120 Nguy?n Hoàng       Anh      051290   2         7,50  8,50  9,50 25,5 40800051
 108   QSB    A      126 Nguy?n Kim         Anh      040590   3         7,00  8,25  7,25 22,5 40800053
 108   QSB    A      149 Nguy?n Tu?n        Anh      160689   2         6,25  8,75  5,75 21,0 40800062
 108   QSB    A      167 Phan Tr?n Uyên     Anh      050589   2         7,50  7,75  6,00 21,5 40800070
 108   QSB    A      171 Ph?m Th? Phuong    Anh      080390   3         6,75  7,00  7,50 21,5 40800072
 108   QSB    A      200 Vu Ð?c             Anh      300390   2NT       8,25  9,75  9,50 27,5 40800084
 108   QSB    A      206 Ð? Ng?c            ánh      190590   2NT       6,50  7,00  6,50 20,0 40800086
 108   QSB    A      211 Nguy?n Th? Ng?c    ánh      130889   2NT       4,75  8,25  6,75 20,0 40800088
 108   QSB    A      216 Ð?ng Thiên         Ân       090290   2         5,75  7,50  6,50 20,0 40800093
 108   QSB    A      224 Th? Ch? Qu?c       Ân       040186   2NT 01    8,25  5,50  4,50 18,5 40800095
 108   QSB    A      226 Tr?n Mai Th?       Ân       030190   2         6,25  9,25  7,50 23,0 40800096
 108   QSB    A      239 Cao Th?            Bách     290590   3         9,00  9,75  9,00 28,0 40800100
 108   QSB    A      291 Phan Vi?t          B?o      130190   2         5,50  8,25  7,75 21,5 40800116
 108   QSB    A      328 Nguy?n Phu?c       B?n      100290   1         5,75  8,00  7,50 21,5 40800123
 108   QSB    A      329 Nguy?n Ng?c        Biên     161090   1         6,50  6,00  7,50 20,0 40800124
 108   QSB    A      332 Vu Van             Biên     130990   1         6,00  9,00  8,50 23,5 40800125
 108   QSB    A     7283 Nguy?n Khoa        Bình     040990   2        10,00  9,50  9,00 28,5 40800138
 108   QSB    A      371 Nguy?n Thanh       Bình     141189   2NT       6,75  8,50  7,50 23,0 40800139
 108   QSB    A    11036 Nguy?n Thanh       Bình     130290   2         8,50  7,75  7,00 23,5 40800140
 108   QSB    A      383 Tr?n               Bình     160390   3         6,75  7,75  8,25 23,0 40800146
 108   QSB    A    11038 Tr?n Ð?c           Bình     180690   2NT       8,00  9,25  9,50 27,0 40800148
 108   QSB    A    11046 Nguy?n Van         Ca       050190   2NT       4,50  7,25  7,25 19,0 40800156
 108   QSB    A    11047 Nguy?n Bá          Can      060990   1         7,00  9,25  8,50 25,0 40800157
 108   QSB    A      424 Lày A              C?u      290389   1         4,50  7,50  8,75 21,0 40800167
 108   QSB    A      490 Lê M?nh            Chi?n    250190   2NT       8,25  7,25  7,25 23,0 40800191
 108   QSB    A      540 Luu Hoàng          Chung    100390   2NT       7,50  9,00  8,50 25,0 40800199
 108   QSB    A      541 Nguy?n Qu?c        Chung    080190   2NT       5,00  9,25  5,75 20,0 40800200
 108   QSB    A    11068 Ngô Minh           Chuong   010990   2NT      10,00  9,00  7,25 26,5 40800208
 108   QSB    A      573 Bùi Thái           Công     250289   1         9,00  8,25  4,25 21,5 40800210
 108   QSB    A    11071 Hu?nh Bá           Công     271090   2NT       5,75  7,75  7,50 21,0 40800212
 108   QSB    A    11072 Lê Thành           Công     180790   2NT       8,25  7,50  7,50 23,5 40800214
 108   QSB    A      579 Mai Van            Công     010290   2NT       8,00  8,50  7,75 24,5 40800215
 108   QSB    A      635 Hu?nh Qu?c         Cu?ng    070489   3         6,75  7,75  6,50 21,0 40800233
 108   QSB    A      638 Lê B?ch Quí        Cu?ng    120990   1         4,50  9,50  8,25 22,5 40800236
 108   QSB    A      664 Nguy?n Si Huy      Cu?ng    210890   3         7,75  7,50  7,75 23,0 40800245
 108   QSB    A    11084 Nguy?n Thành       Cu?ng    170490   2   06    6,75  6,75  7,50 21,0 40800246
 108   QSB    A      686 Tr?n Quang         Cu?ng    081190   2NT       7,25  7,50  9,25 24,0 40800255
 108   QSB    A      707 Lê Tr?n H?u        Danh     050490   2NT       8,00  9,00  9,50 26,5 40800262
 108   QSB    A    11089 Nguy?n Thành       Danh     071090   2NT       8,75  6,50  4,50 20,0 40800268
 108   QSB    A      740 Nguy?n Th?         Di?m     121290   2NT       7,25  8,50  8,00 24,0 40800275
 108   QSB    A    11095 Nguy?n Thành       Dinh     120790   2NT       7,75  8,25  8,25 24,5 40800284
 108   QSB    A      774 Lê Van             Du?n     170490   2NT 06    6,00  6,50  6,75 19,5 40800285
 108   QSB    A     7330 Ðào Ð?c            Duy      051190   3        10,00  9,50  9,00 28,5 40800296
 108   QSB    A      811 H? Phi             Duy      291190   3         9,00  8,50  9,75 27,5 40800299
 108   QSB    A    10033 Lai Ph?m Phi       Duy      040290   1         5,75  7,00  7,50 20,5 40800302
 108   QSB    A      822 Lê Ph?m Ng?c       Duy      180890   1         4,75  8,50  7,75 21,0 40800304
 108   QSB    A    11102 Nguy?n Anh         Duy      280690   2         8,25  9,00  7,50 25,0 40800307
 108   QSB    A      845 Nguy?n Ð?c         Duy      011090   2         6,50  9,25  7,25 23,0 40800311
 108   QSB    A      846 Nguy?n Hà          Duy      070390   2         7,75  7,75  6,75 22,5 40800313
 108   QSB    A    11108 Phan Nguy?n Vu     Duy      070590   2NT       6,75  6,25  7,75 21,0 40800321
 108   QSB    A      884 Ph?m Van           Duy      270690   3         8,00  6,50  6,50 21,0 40800323
 108   QSB    A      912 Võ Thanh           Duyên    231088   1         4,50  8,50  7,25 20,5 40800335
 108   QSB    A      919 Chu Qu?c           Dung     170590   2         6,25  7,25  8,00 21,5 40800336
 108   QSB    A      920 Cung Van           Dung     120289   2         7,00  9,50  8,75 25,5 40800338
 108   QSB    A      922 Ð?ng Ti?n          Dung     230890   2         5,75  8,50  9,75 24,0 40800339
 108   QSB    A      936 Lê Ð?c             Dung     010890   3         7,25  7,75  9,00 24,0 40800345
 108   QSB    A     7345 Nguy?n Anh         Dung     240290   1         9,50  9,00  9,25 28,0 40800349
 108   QSB    A      955 Nguy?n Lê Trung    Dung     240490   2         6,50  7,50  5,50 19,5 40800351
 108   QSB    A     7347 Nguy?n Van         Dung     200290   2         8,00  9,75  9,50 27,5 40800356
 108   QSB    A      979 Phan Ti?n          Dung     120290   2         9,50  9,25  9,00 28,0 40800358
 108   QSB    A      980 Phan Ti?n          Dung     260390   3         6,75  8,50  9,25 24,5 40800359
 108   QSB    A      986 Ph?m Thanh         Dung     230490   3         8,75  9,00  9,25 27,0 40800363
 108   QSB    A     1006 Ð?ng Ð?i           Duong    051090   2NT       6,50  8,00  8,25 23,0 40800370
 108   QSB    A     1037 Phan Thanh         Duong    300990   2        10,00 10,00  9,50 29,5 40800376
 108   QSB    A     1043 Tr?n Thái          Duong    211090   1         9,50  9,75  9,50 29,0 40800377
 108   QSB    A     7355 Tr?n Van           Duong    150189   1         6,50  7,00  8,25 22,0 40800378
 108   QSB    A     1074 Lê T?n             Ð?i      090690   3         7,25  7,25  8,25 23,0 40800388
 108   QSB    A     1099 Bùi Nhã            Ð?t      310890   2         9,00  8,75  7,25 25,0 40800391
 108   QSB    A    11141 Ðào Ng?c           Ð?t      240290   2         8,00  9,50  7,25 25,0 40800392
 108   QSB    A     7366 Lê Van             Ð?t      140890   2         8,75  9,50  9,50 28,0 40800400
 108   QSB    A     1126 Nguy?n H?u         Ð?t      140390   1         8,00  8,50  9,50 26,0 40800405
 108   QSB    A     1127 Nguy?n Khánh Ti?n  Ð?t      240490   2         7,75  9,25  9,50 26,5 40800406
 108   QSB    A     1131 Nguy?n Quang Ti?n  Ð?t      101090   3         8,25  9,00  9,50 27,0 40800408
 108   QSB    A     1135 Nguy?n Thành       Ð?t      080290   3         8,00  7,50  7,50 23,0 40800411
 108   QSB    A     1136 Nguy?n Thành       Ð?t      280390   2         7,50  7,75  8,00 23,5 40800412
 108   QSB    A     1171 Bùi Châu Hi?n      Ðang     190190   3         9,00  9,50  9,00 27,5 40800422
 108   QSB    A     1203 Cao T?n            Ði?n     250890   2         9,00  8,00  7,50 24,5 40800437
 108   QSB    A    11151 Hu?nh Thanh        Ði?n     271090   2NT       6,75  7,50  6,50 21,0 40800440
 108   QSB    A    11152 Ðinh Ng?c          Ði?p     030890   1         4,75  7,75  6,25 19,0 40800442
 108   QSB    A     7378 Nguy?n Thành       Ðôn      120790   1         6,75  9,25  8,75 25,0 40800456
 108   QSB    A     1281 Nguy?n Ðình        Ð?ng     150190   2NT       7,75  6,75  5,75 20,5 40800462
 108   QSB    A     1285 Nguy?n Van         Ð?ng     171090   1         4,00  7,50  7,50 19,0 40800465
 108   QSB    A     1289 Vu Van             Ðuong    281090   2NT       3,00  8,00  8,75 20,0 40800467
 108   QSB    A     1296 Bùi Ph?m           Ð?c      271090   2NT       8,75  9,50  9,50 28,0 40800472
 108   QSB    A    10057 Lê Anh             Ð?c      030490   2         9,00  7,75  8,50 25,5 40800482
 108   QSB    A     1322 Nguy?n Anh         Ð?c      040890   1         5,75  6,75  6,50 19,0 40800492
 108   QSB    A     1328 Nguy?n H?u         Ð?c      200190   1         6,75  7,75  8,50 23,0 40800495
 108   QSB    A     1331 Nguy?n H?u         Ð?c      130790   2NT       7,00  9,25  8,50 25,0 40800496
 108   QSB    A     1336 Nguy?n Minh        Ð?c      260790   2         8,50  9,25  9,50 27,5 40800500
 108   QSB    A     1351 Phan Nghia         Ð?c      050190   2NT       8,25  7,00  6,50 22,0 40800508
 108   QSB    A    11917 Nguy?n Hoàng       Gia      300689   2         6,50  8,00  7,50 22,0 40800519
 108   QSB    A     1383 Ðoàn Tru?ng        Giang    090590   1         8,00 10,00  8,75 27,0 40800522
 108   QSB    A     1392 Lê Tru?ng          Giang    120990   2         5,50  8,25  8,50 22,5 40800525
 108   QSB    A     1393 Lê Tru?ng          Giang    180990   1         8,75  8,00  6,00 23,0 40800526
 108   QSB    A    10063 Nguy?n Lâm         Giang    300890   2         6,00  9,50  8,25 24,0 40800529
 108   QSB    A     1407 Nguy?n Tru?ng      Giang    151190   3         7,00  8,50  8,50 24,0 40800533
 108   QSB    A     1444 Ngô H?i            Hà       030690   2         6,25  7,50  8,50 22,5 40800547
 108   QSB    A     1459 Ph?m Thanh         Hà       261090   2NT       6,75  6,50  6,75 20,0 40800553
 108   QSB    A     1509 Lê Vinh            H?i      160590   2NT       4,25  8,50  7,50 20,5 40800568
 108   QSB    A     7416 Ngô Quang Son      H?i      200790   3         6,25  9,50  9,50 25,5 40800571
 108   QSB    A     7417 Nguy?n Hoàng       H?i      230190   3         8,00  7,75  8,75 24,5 40800575
 108   QSB    A    11175 Nguy?n Ng?c        H?i      211090   2         7,75  8,50  7,75 24,0 40800577
 108   QSB    A     1538 Nguy?n Nh?t        H?i      020690   2         4,25  7,50  7,50 19,5 40800578
 108   QSB    A     1542 Nguy?n Thanh       H?i      150189   2         8,75  8,25  8,50 25,5 40800581
 108   QSB    A     1549 Nguy?n Van         H?i      150590   2NT       5,75  8,25  7,00 21,0 40800584
 108   QSB    A     1596 Nguy?n Ðình        H?       171281   1         8,50  6,50  6,50 21,5 40800599
 108   QSB    A     1658 Luong H?ng         H?u      251290   2NT       8,25  6,75  9,75 25,0 40800619
 108   QSB    A     1679 Châu Trung         Hi?u     280690   2         8,75  8,50  8,50 26,0 40800628
 108   QSB    A    10074 Ðoàn Trung         Hi?u     271190   2         7,25  8,75 10,00 26,0 40800629
 108   QSB    A     1694 Hu?nh Tr?ng        Hi?u     241090   1         4,75  8,00  7,25 20,0 40800637
 108   QSB    A     1721 Nguy?n Tr?ng       Hi?u     300989   2NT       7,75  5,25  9,50 22,5 40800647
 108   QSB    A    10075 Nguy?n Trung       Hi?u     260190   1         7,50  8,75  7,75 24,0 40800649
 108   QSB    A     1725 Nguy?n Trung       Hi?u     130390   3         7,75  7,50  7,00 22,5 40800650
 108   QSB    A     1756 Tr?n Thanh         Hi?u     271289   1         6,75  9,25  8,75 25,0 40800656
 108   QSB    A     7457 Tr?n Van           Hi?u     201190   2         7,50  9,50  9,50 26,5 40800657
 108   QSB    A     1774 Vu H?ng            Hi?u     201290   3         8,00  8,50  8,00 24,5 40800658
 108   QSB    A     1779 Hoàng Tr?ng        Hi?n     021290   2         9,00  9,50  9,50 28,0 40800661
 108   QSB    A     1824 Nguy?n Ng?c        Hi?n     020989   2NT       4,50  8,25  8,75 21,5 40800672
 108   QSB    A     7464 Ph?m Ð?c           Hi?n     071190   3         7,50  7,75  8,50 24,0 40800675
 108   QSB    A     1847 Ð?ng Van           Hi?p     251290   2         4,75  7,50  7,25 19,5 40800679
 108   QSB    A     1856 Lê Phu?c           Hi?p     290990   3        10,00  9,75  8,00 28,0 40800680
 108   QSB    A     1873 Hoàng Danh         Hi?u     030290   2NT       5,00  8,00  6,50 19,5 40800685
 108   QSB    A    11214 Ph?m Công          Hoan     071290   1         8,25  9,25  9,50 27,0 40800689
 108   QSB    A     1918 Luu H?u            Hoàn     100290   1         8,75  9,25  9,50 27,5 40800694
 108   QSB    A     1926 Bùi Nguyên         Hoàng    141090   3         4,50  9,00  8,25 22,0 40800696
 108   QSB    A     1934 Ðinh Gia           Hoàng    300889   1         6,25  6,50  7,25 20,0 40800699
 108   QSB    A     1937 Hu?nh Ng?c         Hoàng    010590   3         7,50  8,50  8,50 24,5 40800700
 108   QSB    A     1947 Nguy?n An          Hoàng    010890   2         6,25  8,75  8,75 24,0 40800707
 108   QSB    A     1973 Nguy?n Vu          Hoàng    271290   2NT       6,25  6,25  6,50 19,0 40800716
 108   QSB    A     7483 Tr?n L?            Hoàng    221190   3         6,25  8,50  6,25 21,0 40800725
 108   QSB    A     2007 Vu Minh            Hoàng    060890   2         8,00  9,50  8,50 26,0 40800732
 108   QSB    A     2028 Nguy?n H?u Thái    Hòa      230390   2         9,00  9,50  8,75 27,5 40800739
 108   QSB    A     2046 Hoàng              H?       100890   1        10,00  8,75  9,25 28,0 40800747
 108   QSB    A    11232 Lâm Thanh          H?       210990   2         7,25  9,50 10,00 27,0 40800748
 108   QSB    A     2063 Nguy?n Xuân        H?ng     100490   1         6,50  6,00  6,00 18,5 40800751
 108   QSB    A    11236 Nguy?n Thanh       H?p      150690   2NT       5,25  7,75  8,50 21,5 40800754
 108   QSB    A    10087 Âu Vuong           Huân     040990   2         8,50  8,75  6,75 24,0 40800755
 108   QSB    A     2082 Nguy?n Khoa        Huân     110690   3         7,75 10,00  8,50 26,5 40800756
 108   QSB    A     2086 Tr?n Ðình          Huân     190990   3         9,00  8,00  7,00 24,0 40800757
 108   QSB    A    11238 Nguy?n Thanh       Hu?n     070290   2NT       5,00  7,50  7,50 20,0 40800760
 108   QSB    A     2103 Ð?ng Hoàng         Huy      061290   2         8,00  9,25  9,50 27,0 40800769
 108   QSB    A    11241 Ð?ng Ng?c          Huy      250590   2         7,25  9,50  8,25 25,0 40800770
 108   QSB    A     2113 H? H?u             Huy      230990   2         8,00  7,50  4,75 20,5 40800773
 108   QSB    A    11243 Hu?nh Ð?c          Huy      100989   2NT       6,50  9,00  7,25 23,0 40800775
 108   QSB    A     2118 Hu?nh H?u          Huy      031290   2         6,75  9,50  8,50 25,0 40800776
 108   QSB    A     2123 Lê Ðang            Huy      010590   3         7,00  8,25  7,25 22,5 40800777
 108   QSB    A     2124 Lê Hoàng           Huy      270789   2         8,25  8,00  8,00 24,5 40800778
 108   QSB    A    11246 Lê Quang           Huy      270790   2NT       6,25 10,00  7,50 24,0 40800780
 108   QSB    A    10333 Lê Thái            Huy      251090   1         5,00  5,50  9,25 20,0 40800781
 108   QSB    A     2136 Lý Ðang            Huy      160990   1         5,75  7,50  6,50 20,0 40800783
 108   QSB    A     2143 Nguy?n             Huy      120290   1         8,00  9,25  9,50 27,0 40800786
 108   QSB    A     2155 Nguy?n Kim Nh?t    Huy      261290   2NT       8,25 10,00  9,25 27,5 40800793
 108   QSB    A    11923 Nguy?n Xuân        Huy      290190   2         8,75  8,50  9,75 27,0 40800802
 108   QSB    A     2173 Phan Cao           Huy      010190   3         8,00  8,00  7,50 23,5 40800803
 108   QSB    A    11258 Phan Ph?ng         Huy      060590   2NT       6,25  8,00  7,00 21,5 40800804
 108   QSB    A     2187 Tôn Th?t           Huy      070690   2         7,00  5,75  7,50 20,5 40800810
 108   QSB    A    10090 Lê                 Huynh    250289   2NT       6,50  4,75  8,25 19,5 40800827
 108   QSB    A     2266 Luu M?nh           Hùng     100890   1         7,25  8,25  9,25 25,0 40800840
 108   QSB    A     2285 Nguy?n Qu?c        Hùng     180290   2         8,00  9,00  8,25 25,5 40800844
 108   QSB    A     2286 Nguy?n S?          Hùng     150689   2         7,75  8,25  6,75 23,0 40800845
 108   QSB    A     2301 Phan Tr?ng         Hùng     220990   1         5,75  8,25  9,00 23,0 40800850
 108   QSB    A     2312 Tôn Th?t           Hùng     200790   1         8,25 10,00  9,75 28,0 40800852
 108   QSB    A     2316 Tr?n Huy           Hùng     260490   2         9,50  9,50  9,75 29,0 40800855
 108   QSB    A     7529 Ðinh Quang         Hung     131090   3         8,75  9,75  9,50 28,0 40800863
 108   QSB    A     2346 Hu?nh Công         Hung     040690   2         7,50  8,00  8,50 24,0 40800867
 108   QSB    A     2352 Lê Ng?c            Hung     091090   3         9,50 10,00  9,75 29,5 40800871
 108   QSB    A     2355 Lê Thanh           Hung     220290   1         4,50  7,00  8,00 19,5 40800872
 108   QSB    A     2357 Lê Trung           Hung     231090   2         8,75  8,75  8,50 26,0 40800873
 108   QSB    A     2385 Ph?m T?n           Hung     260690   1         8,50  9,25  5,75 23,5 40800883
 108   QSB    A    11284 Ph?m Thanh         Hung     041290   2         9,00  9,75  8,50 27,5 40800884
 108   QSB    A     2392 Tr?n Ng?c          Hung     080890   2NT       8,50  9,50  8,75 27,0 40800886
 108   QSB    A     2409 Vu Quang           Hung     241290   2         7,25  9,50  9,75 26,5 40800893
 108   QSB    A     2421 Ph?m Ng?c          Huong    160390   3         8,75  9,50  8,50 27,0 40800898
 108   QSB    A    11293 Tr?n Tú Nam        Kha      021290   2         8,75  9,00  6,25 24,0 40800909
 108   QSB    A    10104 Tr?n Nhu Phúc      Khang    171090   1         7,50  8,50  8,00 24,0 40800914
 108   QSB    A     2502 Bùi Minh           Khánh    101090   1         6,75  7,75  9,50 24,0 40800923
 108   QSB    A     2506 Châu Nguy?n Xuân   Khánh    130690   3         7,75  9,50  9,25 26,5 40800925
 108   QSB    A     2520 Lê Ð?c Nguyên      Khánh    100490   3         8,75  9,25  7,25 25,5 40800930
 108   QSB    A     2521 Lê Ðình            Khánh    210685   2         7,25  5,50  7,50 20,5 40800931
 108   QSB    A     2526 Lê Van             Khánh    010186   2         8,50  9,00  5,50 23,0 40800934
 108   QSB    A     7562 Nguy?n             Khánh    110690   2         7,00  9,25  8,00 24,5 40800936
 108   QSB    A     2537 Nguy?n Vu          Khánh    270290   2         7,75  8,50  8,50 25,0 40800939
 108   QSB    A     2572 Vu Van             Kh?c     051190   2         8,00  9,00  7,50 24,5 40800953
 108   QSB    A    11302 Lê H?ng            Khiêm    090990   2NT 06    8,75  9,75  9,75 28,5 40800957
 108   QSB    A     7574 Ðào Quang          Khoa     080390   2         9,00 10,00  9,50 28,5 40800964
 108   QSB    A     2598 Ð?ng Nh?t          Khoa     220790   1         7,00  9,50  8,25 25,0 40800966
 108   QSB    A     2601 Hu?nh Minh         Khoa     080289   3         6,50  6,25  8,00 21,0 40800968
 108   QSB    A    11935 Hu?nh Nam          Khoa     141090   2         5,75  9,75 10,00 25,5 40800969
 108   QSB    A     7578 Lê Anh             Khoa     051290   3         6,75  8,50  8,00 23,5 40800971
 108   QSB    A    11307 Lê Quang           Khoa     240190   2         7,50 10,00  8,75 26,5 40800972
 108   QSB    A     2610 Nguy?n Anh         Khoa     220290   2         7,50  9,50  7,75 25,0 40800976
 108   QSB    A     2621 Nguy?n H?ng Ðang   Khoa     301090   2         6,75  9,00  9,50 25,5 40800982
 108   QSB    A     2633 Nguy?n Vu Ðang     Khoa     240390   2         8,25  7,25  7,00 22,5 40800989
 108   QSB    A     2643 Tr?n Ðang          Khoa     201190   2NT       7,25  6,75  8,50 22,5 40800991
 108   QSB    A    11313 Võ Ðang            Khoa     030290   2NT       7,00  9,00  8,50 24,5 40800993
 108   QSB    A    11315 Bùi H?u            Khôi     180289   1         6,75  8,00  7,25 22,0 40800994
 108   QSB    A     2665 Nguy?n M?nh        Khôi     310390   3         7,00  9,00  6,50 22,5 40800999
 108   QSB    A     2668 Tr?n Anh           Khôi     140390   3         6,50  8,50  7,50 22,5 40801001
 108   QSB    A     7594 Ð? Bá              Khuyên   300590   2NT       6,00  7,25  7,75 21,0 40801008
 108   QSB    A     2695 Nguy?n Huy         Khuong   050590   3         9,00  9,25  8,25 26,5 40801010
 108   QSB    A    11939 Truong Gia         Khuong   030190   2         8,00  8,50  5,50 22,0 40801012
 108   QSB    A     2704 Hà Trung           Kiên     091090   1         8,25  6,50  8,50 23,5 40801014
 108   QSB    A     7606 Võ Trung           Kiên     120788   2         7,75  8,50  9,25 25,5 40801019
 108   QSB    A     7611 T?ng H?u           Ki?t     010190   2NT       5,00  8,00  7,50 20,5 40801025
 108   QSB    A    10123 Tr?n Nh?           Lan      180290   1         5,75  8,50  7,00 21,5 40801043
 108   QSB    A     2802 Lê Van             L?m      190989   2         8,50  8,50 10,00 27,0 40801045
 108   QSB    A     2811 Bùi Tùng           Lâm      271090   2         8,00  9,50 10,00 27,5 40801050
 108   QSB    A     2814 Du Hoàng Tùng      Lâm      030690   1         5,75  7,00  6,50 19,5 40801051
 108   QSB    A     2815 Ð?u Quang          Lâm      300886   1         5,25  7,50  5,50 18,5 40801052
 108   QSB    A     2816 Ðinh Hùng          Lâm      060390   2NT       5,25  7,75  6,75 20,0 40801053
 108   QSB    A     2825 Nguy?n Cao         Lâm      171290   1         7,25  9,00  9,50 26,0 40801055
 108   QSB    A     2828 Nguy?n Mai         Lâm      170190   2         7,50  8,50  6,75 23,0 40801057
 108   QSB    A     2848 Tr?n Thanh         Lâm      190290   2         8,50  8,50  6,75 24,0 40801065
 108   QSB    A     2850 T? Mai             Lâm      190989   2NT       5,50  7,25  6,50 19,5 40801066
 108   QSB    A     2858 Tr?n Bá            Lân      030290   2         6,50  8,75  8,25 23,5 40801068
 108   QSB    A     2863 Tr?n Qu?c          L?p      191190   2NT       6,50  8,75  7,25 22,5 40801071
 108   QSB    A     2864 Trình Minh         L?p      301088   1         3,75  7,00  7,75 18,5 40801072
 108   QSB    A     7615 Ð? H?u             Liêm     210989   3         6,00  9,00  6,75 22,0 40801077
 108   QSB    A     2884 Luong Van          Liêm     010790   2         5,00  9,00  7,50 21,5 40801079
 108   QSB    A     2914 Lê Khánh           Linh     101290   1         8,00  9,75  9,75 27,5 40801091
 108   QSB    A     7624 Tr?n Khánh         Linh     201190   2NT       7,00  7,25  8,50 23,0 40801111
 108   QSB    A    11342 Võ Nh?t            Linh     120490   2         7,25  8,75  8,50 24,5 40801115
 108   QSB    A     2985 Mai Thi?t          Linh     190490   2NT       4,75  7,50  8,50 21,0 40801119
 108   QSB    A    10136 Ð?ng Hoàng         Long         90   2         5,75  8,75  5,50 20,0 40801124
 108   QSB    A     3017 Lê Phi             Long     150890   1         6,25  9,25  9,00 24,5 40801127
 108   QSB    A    10137 Lý Hoàng           Long     200190   2         6,50  8,25  7,00 22,0 40801129
 108   QSB    A     3030 Nguy?n Ðình        Long     011190   1         7,00  9,50  7,50 24,0 40801131
 108   QSB    A     3037 Nguy?n H?u Tru?ng  Long     190590   1         5,50  7,50  6,25 19,5 40801134
 108   QSB    A     3038 Nguy?n Mai         Long     100189   2         6,75  7,75  7,00 21,5 40801135
 108   QSB    A     7635 Ph?m Ng?c Bình     Long     190890   1         6,25  9,50  7,50 23,5 40801147
 108   QSB    A     3088 Võ Phi             Long     120190   2         8,25  8,75  7,00 24,0 40801156
 108   QSB    A     3126 Tr?n H?u           L?c      040590   2         7,75  9,25  8,00 25,0 40801168
 108   QSB    A    11357 Nguy?n Thành       L?i      200990   2NT      10,00  9,50  9,50 29,0 40801177
 108   QSB    A    11358 Tr?n Ð?c           L?i      081290   2         8,25  9,25  9,25 27,0 40801180
 108   QSB    A     7647 Võ Ng?c            L?i      010590   1         5,00  7,00  9,50 21,5 40801182
 108   QSB    A    11365 Ph?m Thành         Luân     260690   2         6,25  8,25  6,75 21,5 40801193
 108   QSB    A    11366 Van Kinh           Luân     031090   2         6,75  9,25  8,00 24,0 40801196
 108   QSB    A     3203 Võ Ng?c            Luân     090790   2NT       6,00  8,50  8,00 22,5 40801197
 108   QSB    A     3213 Tr?nh Ðông         Luy      200889   1         8,00  8,00  6,50 22,5 40801200
 108   QSB    A     3261 Nguy?n Ðình        Lý       180890   1         7,25  8,50  7,50 23,5 40801213
 108   QSB    A     3287 Cao Chu            M?nh     230590   1         8,75  7,50  7,50 24,0 40801222
 108   QSB    A     3306 Truong Ð?c         M?nh     030890   2NT       9,75  9,00  9,25 28,0 40801228
 108   QSB    A     3326 Bùi Hoan Nh?t      Minh     051090   3         7,75  9,75  9,25 27,0 40801239
 108   QSB    A    11380 Duong Phú          Minh     300790   2NT       7,25  9,75  9,50 26,5 40801242
 108   QSB    A     3348 Hu?nh Ðang         Minh     190790   3         6,50  8,75  8,75 24,0 40801249
 108   QSB    A     3359 Lê Hi?u            Minh     140290   3         7,00  9,00  8,00 24,0 40801252
 108   QSB    A     3371 Lê Trí             Minh     090590   2         8,00  8,25  8,25 24,5 40801256
 108   QSB    A     3407 Nguy?n Thanh       Minh     260190   2         7,25  8,75  7,50 23,5 40801268
 108   QSB    A     3424 Ph?m Nh?t          Minh     060590   2NT       7,25  7,25  7,00 21,5 40801275
 108   QSB    A    11948 Ph?m Phú           Minh     030390   2NT       4,50  7,00  7,25 19,0 40801276
 108   QSB    A    11388 Tr?nh Hoàng        Minh     070790   2         8,25  9,50  8,50 26,5 40801282
 108   QSB    A     3437 Võ Hoàng           Minh     010690   1         4,50  7,50  6,75 19,0 40801285
 108   QSB    A     3454 Ð?ng Hoàng         M?       231290   2         6,25  7,00  6,50 20,0 40801297
 108   QSB    A     7678 Nguy?n Ð?c         M?       100890   2NT       6,75  7,50  7,75 22,0 40801299
 108   QSB    A     3498 Nguy?n Hoài        Nam      011290   2         7,25  9,75  8,50 25,5 40801309
 108   QSB    A    11398 Nguy?n Hoàng       Nam      221290   2NT       5,00  8,00  7,50 20,5 40801312
 108   QSB    A     3521 Nguy?n Vu Phuong   Nam      121090   3         7,75  7,75  4,50 20,0 40801317
 108   QSB    A     3534 Ph?m Ng?c          Nam      060990   2NT       7,00  8,75  5,50 21,5 40801321
 108   QSB    A     3553 Tr?n Qu?c          Nam      290490   3         5,00  8,50  7,50 21,0 40801326
 108   QSB    A     7687 Võ Hoàng           Nam      230590   2   06    8,00  9,50  9,50 27,0 40801328
 108   QSB    A    11409 Nguy?n Duy         Ngân     100690   2NT       8,25  8,00  7,50 24,0 40801341
 108   QSB    A    10168 H? Huy             Nghi     101290   2         3,25  9,25  7,50 20,0 40801350