02049050800003
01039050800004
06129050800036
14119050800052
16019050800063
15119050800066
24099050800091
27129050800098
07129050800099
01109050800107
07059050800108
10089050800110
20079050800114
01069050800117
15089050800120
06069050800133
25089050800136
09129050800147
14029050800149
28099050800162
23059050800170
15079050800181
29079050800189
01129050800194
09089050800195
10099050800198
14129050800203
04069050800217
26019050800224
23109050800237
25078950800240
13039050800243
30089050800248
26039050800251
11049050800252
11059050800253
15119050800265
01019050800266
18089050800276
15019050800291
03119050800293
25069050800298
02019050800316
30019050800322
26019050800329
13079050800330
15049050800337
22089050800341
08029050800343
16109050800387
01089050800395
17059050800397
06069050800404
01019050800415
27129050800417
04098950800419
04119050800424
17129050800428
15019050800431
18099050800436
20089050800451
08119050800457
07029050800460
08118850800476
15069050800483
04129050800486
24099050800494
09059050800501
12038750800506
01059050800514
15079050800515
02019050800516
04099050800530
26109050800550
20108950800560
26109050800564
01019050800565
09109050800569
02069050800572
15078950800574
09119050800585
25109050800588
04089050800607
19058450800617
22129050800620
12079050800625
01069050800631
28099050800635
18089050800643
22079050800646
08129050800651
27119050800664
19058550800670
08119050800686
10108850800709
29048950800710
17059050800717
02089050800720
20049050800724
13089050800726
10069050800727
08059050800729
12119050800740
20109050800743
09109050800768
10019050800785
10059050800797
08029050800806
19119050800820
26029050800828
16109050800837
06049050800843
12039050800846
15039050800853
23069050800861
19129050800866
19059050800869
07129050800870
19129050800880
01129050800907
10019050800912
06049050800920
22109050800922
04039050800926
20109050800928
09089050800935
03109050800937
06108650800946
09119050800955
26089050800956
06059050800992
04109050800997
08109050801000
17119050801005
25059050801016
16099050801017
02059050801018
01019050801024
27099050801026
16059050801031
09029050801033
02118950801038
24019050801039
02099050801059
19108950801060
23109050801067
14029050801098
02019050801117
03038950801120
15039050801122
23089050801132
08039050801136
11109050801138
07089050801139
01039050801154
12109050801162
26019050801174
14049050801178
16019050801179
27049050801184
11019050801186
03029050801192
09019050801209
10069050801212
07119050801232
12119050801240
11029050801246
08019050801251
20119050801253
28119050801259
29099050801265
26079050801267
13019050801271
06069050801303
08069050801306
09039050801308
05129050801310
11089050801313
13099050801336
21129050801351
18129050801358
24129050801359
17039050801363
25089050801371
31129050801389
26089050801391
15059050801394
05109050801398
17119050801402
02069050801418
09029050801437
04079050801452
20029050801470
24099050801476
24089050801480
09098950801484
10099050801492
20038950801500
24039050801502
11029050801520
22109050801528
19109050801531
06079050801536
30098950801537
12109050801545
06109050801551
13059050801557
08099050801560
23109050801584
28049050801595
04029050801604
09058950801605
24109050801625
01049050801646
14078950801659
20109050801663
15109050801668
26068950801679
14109050801681
10019050801682
02039050801685
21119050801690
06129050801702
31109050801713
14039050801714
19099050801722
03029050801725
15098950801741
22109050801765
16109050801774
09059050801783
10019050801784
14089050801786
29069050801790
06039050801793
07089050801795
16029050801798
16109050801800
20029050801806
04129050801807
07119050801809
19089050801822
15049050801823
11039050801827
07088950801833
06039050801843
20109050801847
27109050801862
26099050801863
16098950801866
01089050801873
27129050801878
16089050801879
21059050801888
20069050801889
20059050801892
26089050801894
25039050801912
15069050801917
20089050801920
16028650801938
13099050801951
07039050801952
10089050801965
29039050801966
06039050801974
28049050801987
08049050801988
28089050801993
21118750802010
18109050802013
27049050802020
25038950802052
28129050802054
01109050802057
15059050802061
12099050802073
07059050802076
05029050802086
20089050802090
12028850802097
22129050802102
10019050802104
08059050802108
27039050802109
16119050802114
14019050802121
22089050802123
18019050802137
20089050802138
10059050802141
02019050802150
26039050802158
27049050802175
23109050802183
27109050802188
14079050802191
04049050802200
01019050802206
12119050802212
22039050802214
13069050802216
02059050802223
09109050802224
18029050802243
02069050802250
15019050802258
22039050802278
12099050802284
23019050802291
04089050802298
31019050802306
26029050802327
27089050802334
04049050802341
30119050802344
08109050802345
08059050802348
09029050802353
06049050802376
11029050802397
02119050802409
19049050802413
21089050802420
19119050802426
14059050802429
07069050802430
10109050802437
28109050802443
30049050802452
05049050802456
05069050802458
30099050802474
22069050802481
06099050802486
21119050802487
17039050802493
16099050802525
27099050802546
01019050802548
13119050802554
07078950802555
30089050802556
23019050802566
04119050802605
21099050802625
01019050802626
20059050802629
23029050802635
05109050802643
05089050802651
03099050802665
04039050802668
21129050802669
25019050802674
22129050802678
17059050802685
03099050802686
16019050802687
23049050802688
25059050802697
15039050802706
18029050802719
15028950802728
01069040800005
20119040800006
25029040800007
10029040800011
07069040800014
07099040800015
10019040800017
24079040800032
25059040800040
05129040800051
04059040800053
16068940800062
05058940800070
08039040800072
30039040800084
19059040800086
13088940800088
09029040800093
04018640800095
03019040800096
29059040800100
13019040800116
10029040800123
16109040800124
13099040800125
04099040800138
14118940800139
13029040800140
16039040800146
18069040800148
05019040800156
06099040800157
29038940800167
25019040800191
10039040800199
08019040800200
01099040800208
25028940800210
27109040800212
18079040800214
01029040800215
07048940800233
12099040800236
21089040800245
17049040800246
08119040800255
05049040800262
07109040800268
12129040800275
12079040800284
17049040800285
05119040800296
29119040800299
04029040800302
18089040800304
28069040800307
01109040800311
07039040800313
07059040800321
27069040800323
23108840800335
17059040800336
12028940800338
23089040800339
01089040800345
24029040800349
24049040800351
20029040800356
12029040800358
26039040800359
23049040800363
05109040800370
30099040800376
21109040800377
15018940800378
09069040800388
31089040800391
24029040800392
14089040800400
14039040800405
24049040800406
10109040800408
08029040800411
28039040800412
19019040800422
25089040800437
27109040800440
03089040800442
12079040800456
15019040800462
17109040800465
28109040800467
27109040800472
03049040800482
04089040800492
20019040800495
13079040800496
26079040800500
05019040800508
30068940800519
09059040800522
12099040800525
18099040800526
30089040800529
15119040800533
03069040800547
26109040800553
16059040800568
20079040800571
23019040800575
21109040800577
02069040800578
15018940800581
15059040800584
17128140800599
25129040800619
28069040800628
27119040800629
24109040800637
30098940800647
26019040800649
13039040800650
27128940800656
20119040800657
20129040800658
02129040800661
02098940800672
07119040800675
25129040800679
29099040800680
03029040800685
07129040800689
10029040800694
14109040800696
30088940800699
01059040800700
01089040800707
27129040800716
22119040800725
06089040800732
23039040800739
10089040800747
21099040800748
10049040800751
15069040800754
04099040800755
11069040800756
19099040800757
07029040800760
06129040800769
25059040800770
23099040800773
10098940800775
03129040800776
01059040800777
27078940800778
27079040800780
25109040800781
16099040800783
12029040800786
26129040800793
29019040800802
01019040800803
06059040800804
07069040800810
25028940800827
10089040800840
18029040800844
15068940800845
22099040800850
20079040800852
26049040800855
13109040800863
04069040800867
09109040800871
22029040800872
23109040800873
26069040800883
04129040800884
08089040800886
24129040800893
16039040800898
02129040800909
17109040800914
10109040800923
13069040800925
10049040800930
21068540800931
01018640800934
11069040800936
27029040800939
05119040800953
09099040800957
08039040800964
22079040800966
08028940800968
14109040800969
05129040800971
24019040800972
22029040800976
30109040800982
24039040800989
20119040800991
03029040800993
18028940800994
31039040800999
14039040801001
30059040801008
05059040801010
03019040801012
09109040801014
12078840801019
01019040801025
18029040801043
19098940801045
27109040801050
03069040801051
30088640801052
06039040801053
17129040801055
17019040801057
19029040801065
19098940801066
03029040801068
19119040801071
30108840801072
21098940801077
01079040801079
10129040801091
20119040801111
12049040801115
19049040801119
    9040801124
15089040801127
20019040801129
01119040801131
19059040801134
10018940801135
19089040801147
12019040801156
04059040801168
20099040801177
08129040801180
01059040801182
26069040801193
03109040801196
09079040801197
20088940801200
18089040801213
23059040801222
03089040801228
05109040801239
30079040801242
19079040801249
14029040801252
09059040801256
26019040801268
06059040801275
03039040801276
07079040801282
01069040801285
23129040801297
10089040801299
01129040801309
22129040801312
12109040801317
06099040801321
29049040801326
23059040801328
10069040801341
10129040801350