50800003
50800004
50800036
50800052
50800063
50800066
50800091
50800098
50800099
50800107
50800108
50800110
50800114
50800117
50800120
50800133
50800136
50800147
50800149
50800162
50800170
50800181
50800189
50800194
50800195
50800198
50800203
50800217
50800224
50800237
50800240
50800243
50800248
50800251
50800252
50800253
50800265
50800266
50800276
50800291
50800293
50800298
50800316
50800322
50800329
50800330
50800337
50800341
50800343
50800387
50800395
50800397
50800404
50800415
50800417
50800419
50800424
50800428
50800431
50800436
50800451
50800457
50800460
50800476
50800483
50800486
50800494
50800501
50800506
50800514
50800515
50800516
50800530
50800550
50800560
50800564
50800565
50800569
50800572
50800574
50800585
50800588
50800607
50800617
50800620
50800625
50800631
50800635
50800643
50800646
50800651
50800664
50800670
50800686
50800709
50800710
50800717
50800720
50800724
50800726
50800727
50800729
50800740
50800743
50800768
50800785
50800797
50800806
50800820
50800828
50800837
50800843
50800846
50800853
50800861
50800866
50800869
50800870
50800880
50800907
50800912
50800920
50800922
50800926
50800928
50800935
50800937
50800946
50800955
50800956
50800992
50800997
50801000
50801005
50801016
50801017
50801018
50801024
50801026
50801031
50801033
50801038
50801039
50801059
50801060
50801067
50801098
50801117
50801120
50801122
50801132
50801136
50801138
50801139
50801154
50801162
50801174
50801178
50801179
50801184
50801186
50801192
50801209
50801212
50801232
50801240
50801246
50801251
50801253
50801259
50801265
50801267
50801271
50801303
50801306
50801308
50801310
50801313
50801336
50801351
50801358
50801359
50801363
50801371
50801389
50801391
50801394
50801398
50801402
50801418
50801437
50801452
50801470
50801476
50801480
50801484
50801492
50801500
50801502
50801520
50801528
50801531
50801536
50801537
50801545
50801551
50801557
50801560
50801584
50801595
50801604
50801605
50801625
50801646
50801659
50801663
50801668
50801679
50801681
50801682
50801685
50801690
50801702
50801713
50801714
50801722
50801725
50801741
50801765
50801774
50801783
50801784
50801786
50801790
50801793
50801795
50801798
50801800
50801806
50801807
50801809
50801822
50801823
50801827
50801833
50801843
50801847
50801862
50801863
50801866
50801873
50801878
50801879
50801888
50801889
50801892
50801894
50801912
50801917
50801920
50801938
50801951
50801952
50801965
50801966
50801974
50801987
50801988
50801993
50802010
50802013
50802020
50802052
50802054
50802057
50802061
50802073
50802076
50802086
50802090
50802097
50802102
50802104
50802108
50802109
50802114
50802121
50802123
50802137
50802138
50802141
50802150
50802158
50802175
50802183
50802188
50802191
50802200
50802206
50802212
50802214
50802216
50802223
50802224
50802243
50802250
50802258
50802278
50802284
50802291
50802298
50802306
50802327
50802334
50802341
50802344
50802345
50802348
50802353
50802376
50802397
50802409
50802413
50802420
50802426
50802429
50802430
50802437
50802443
50802452
50802456
50802458
50802474
50802481
50802486
50802487
50802493
50802525
50802546
50802548
50802554
50802555
50802556
50802566
50802605
50802625
50802626
50802629
50802635
50802643
50802651
50802665
50802668
50802669
50802674
50802678
50802685
50802686
50802687
50802688
50802697
50802706
50802719
50802728
40800005
40800006
40800007
40800011
40800014
40800015
40800017
40800032
40800040
40800051
40800053
40800062
40800070
40800072
40800084
40800086
40800088
40800093
40800095
40800096
40800100
40800116
40800123
40800124
40800125
40800138
40800139
40800140
40800146
40800148
40800156
40800157
40800167
40800191
40800199
40800200
40800208
40800210
40800212
40800214
40800215
40800233
40800236
40800245
40800246
40800255
40800262
40800268
40800275
40800284
40800285
40800296
40800299
40800302
40800304
40800307
40800311
40800313
40800321
40800323
40800335
40800336
40800338
40800339
40800345
40800349
40800351
40800356
40800358
40800359
40800363
40800370
40800376
40800377
40800378
40800388
40800391
40800392
40800400
40800405
40800406
40800408
40800411
40800412
40800422
40800437
40800440
40800442
40800456
40800462
40800465
40800467
40800472
40800482
40800492
40800495
40800496
40800500
40800508
40800519
40800522
40800525
40800526
40800529
40800533
40800547
40800553
40800568
40800571
40800575
40800577
40800578
40800581
40800584
40800599
40800619
40800628
40800629
40800637
40800647
40800649
40800650
40800656
40800657
40800658
40800661
40800672
40800675
40800679
40800680
40800685
40800689
40800694
40800696
40800699
40800700
40800707
40800716
40800725
40800732
40800739
40800747
40800748
40800751
40800754
40800755
40800756
40800757
40800760
40800769
40800770
40800773
40800775
40800776
40800777
40800778
40800780
40800781
40800783
40800786
40800793
40800802
40800803
40800804
40800810
40800827
40800840
40800844
40800845
40800850
40800852
40800855
40800863
40800867
40800871
40800872
40800873
40800883
40800884
40800886
40800893
40800898
40800909
40800914
40800923
40800925
40800930
40800931
40800934
40800936
40800939
40800953
40800957
40800964
40800966
40800968
40800969
40800971
40800972
40800976
40800982
40800989
40800991
40800993
40800994
40800999
40801001
40801008
40801010
40801012
40801014
40801019
40801025
40801043
40801045
40801050
40801051
40801052
40801053
40801055
40801057
40801065
40801066
40801068
40801071
40801072
40801077
40801079
40801091
40801111
40801115
40801119
40801124
40801127
40801129
40801131
40801134
40801135
40801147
40801156
40801168
40801177
40801180
40801182
40801193
40801196
40801197
40801200
40801213
40801222
40801228
40801239
40801242
40801249
40801252
40801256
40801268
40801275
40801276
40801282
40801285
40801297
40801299
40801309
40801312
40801317
40801321
40801326
40801328
40801341
40801350